name: behaviour_analysis
channels:
  - conda-forge
  - defaults
dependencies:
  - asttokens=2.4.1=pyhd8ed1ab_0
  - bzip2=1.0.8=h2bbff1b_6
  - ca-certificates=2024.8.30=h56e8100_0
  - colorama=0.4.6=pyhd8ed1ab_0
  - comm=0.2.2=pyhd8ed1ab_0
  - debugpy=1.6.7=py310hd77b12b_0
  - decorator=5.1.1=pyhd8ed1ab_0
  - exceptiongroup=1.2.2=pyhd8ed1ab_0
  - executing=2.1.0=pyhd8ed1ab_0
  - importlib-metadata=8.4.0=pyha770c72_0
  - importlib_metadata=8.4.0=hd8ed1ab_0
  - ipykernel=6.29.5=pyh4bbf305_0
  - ipython=8.27.0=pyh7428d3b_0
  - jedi=0.19.1=pyhd8ed1ab_0
  - jupyter_client=8.6.2=pyhd8ed1ab_0
  - jupyter_core=5.7.2=py310h5588dad_0
  - libffi=3.4.4=hd77b12b_1
  - libsodium=1.0.18=h8d14728_1
  - matplotlib-inline=0.1.7=pyhd8ed1ab_0
  - nest-asyncio=1.6.0=pyhd8ed1ab_0
  - openssl=1.1.1l=h8ffe710_0
  - packaging=24.1=pyhd8ed1ab_0
  - parso=0.8.4=pyhd8ed1ab_0
  - pickleshare=0.7.5=py_1003
  - pip=24.2=py310haa95532_0
  - platformdirs=4.2.2=pyhd8ed1ab_0
  - prompt-toolkit=3.0.47=pyha770c72_0
  - psutil=5.9.0=py310h2bbff1b_0
  - pure_eval=0.2.3=pyhd8ed1ab_0
  - pygments=2.18.0=pyhd8ed1ab_0
  - python=3.10.0=h96c0403_3
  - python_abi=3.10=2_cp310
  - pywin32=305=py310h2bbff1b_0
  - pyzmq=24.0.1=py310hcd737a0_1
  - setuptools=72.1.0=py310haa95532_0
  - six=1.16.0=pyh6c4a22f_0
  - sqlite=3.45.3=h2bbff1b_0
  - stack_data=0.6.2=pyhd8ed1ab_0
  - tk=8.6.14=h0416ee5_0
  - tornado=6.2=py310h8d17308_1
  - traitlets=5.14.3=pyhd8ed1ab_0
  - typing_extensions=4.12.2=pyha770c72_0
  - ucrt=10.0.22621.0=h57928b3_0
  - vc=14.40=h2eaa2aa_0
  - vs2015_runtime=14.40.33807=h98bb1dd_0
  - wcwidth=0.2.13=pyhd8ed1ab_0
  - wheel=0.43.0=py310haa95532_0
  - xz=5.4.6=h8cc25b3_1
  - zeromq=4.3.4=h0e60522_1
  - zipp=3.20.1=pyhd8ed1ab_0
  - zlib=1.2.13=h8cc25b3_1
  - pip:
      - attrs==24.2.0
      - contourpy==1.3.0
      - cycler==0.12.1
      - fonttools==4.53.1
      - h5py==3.11.0
      - jsonschema==4.23.0
      - jsonschema-specifications==2023.12.1
      - kiwisolver==1.4.7
      - matplotlib==3.9.2
      - numpy==2.1.1
      - opencv-contrib-python==4.10.0.84
      - pandas==2.2.2
      - pillow==10.4.0
      - pynwb==2.3.3
      - pyparsing==3.1.4
      - python-dateutil==2.9.0.post0
      - pytz==2024.1
      - referencing==0.35.1
      - rpds-py==0.20.0
      - ruamel-yaml==0.18.6
      - ruamel-yaml-clib==0.2.8
      - scipy==1.14.1
      - seaborn==0.13.2
      - tzdata==2024.1
prefix: C:\Users\Stefan Rogers\.conda\envs\behaviour_analysis
